[main]
graham cluley = 2022-08-12T10:36:30
threatpost = 2022-08-16T14:30:01
krebs on security = 2022-08-12T15:26:58
dark reading = 2022-08-16T14:00:00
we live security = 2022-08-15T10:30:01
davinci forensics = 2022-08-02T18:05:39
cisco = 2022-08-09T16:19:29
information security magazine = 2022-08-16T14:15:00
google = 2022-08-10T16:00:00
trend micro = 2022-08-16T00:00:00
bleeping computer = 2022-08-16T14:02:01
proof point = 2022-08-10T20:10:24
us-cert cisa = 2022-08-11T16:00:00
hacker news = 2022-08-16T11:04:09
schneier on security = 2022-08-16T11:59:20
ncsc = 2022-08-04T23:00:00
center of internet security = 2022-08-10T11:19:49
binary defense = 2022-07-27T13:54:50
securelist = 2022-08-16T12:00:59
checkpoint research = 2022-08-15T15:26:54
virusbulletin = 2021-12-08T12:42:00
modexp = 2022-07-31T00:01:53
james forshaw = 2022-07-17T04:49:00
adam chester = 2022-07-09T23:00:00
microsoft security = 2022-08-11T16:00:00
recorded future = 2022-08-16T00:00:00
sentinelone = 2022-08-15T15:05:52
government information security news = ?
suncrypt = 2022-06-18 02:21:01.442528
lockbit2 = 2022-06-28 14:02:38.510305
arvinclub = 2022-04-21 17:36:07.558909
quantum = 2022-08-08 12:48:45.873173
alphv = 2022-08-13 16:46:10.891222
lorenz = 2022-07-29 00:57:58.668529
avoslocker = 2021-09-26 12:46:17.809549
avaddon = 2021-09-09 23:46:54.365433
xinglocker = 2021-10-26 13:56:17.766530
ragnarlocker = 2022-08-02 10:43:58.981504
clop = 2022-08-13 18:49:30.332874
revil = 2022-08-02 18:39:59.243685
everest = 2022-07-26 01:09:43.920951
ragnarok = 2021-12-30 10:10:45.033137
conti = 2022-06-07 18:40:06.936435
pysa = 2021-12-06 19:13:37.934057
nefilim = 2021-09-09 23:46:57.082905
mountlocker = 2022-02-08 14:26:33.620994
babuklocker = 2021-09-09 23:46:57.346780
ransomexx = 2022-04-05 16:22:09.035583
cuba = 2022-07-21 12:57:07.795500
pay2key = 2021-09-09 23:46:57.658522
azroteam = 2021-09-09 23:46:57.808630
lockdata = 2021-09-09 23:46:57.869876
blacktor = 2021-12-30 10:10:48.121036
darkleakmarket = 2022-05-25 18:38:22.481043
blackmatter = 2021-11-04 16:05:45.602653
payloadbin = 2022-01-06 13:27:28.356983
groove = 2021-10-30 10:25:18.268983
bonacigroup = 2021-12-06 23:55:58.986303
blackbyte = 2022-07-11 14:19:06.684222
karma = 2021-10-04 09:45:12.384002
spook = 2021-10-19 18:49:19.466913
lv = 2022-08-15 07:04:02.389541
sabbath = 2022-02-28 18:25:03.577007
snatch = 2022-06-30 22:33:16.293563
midas = 2022-04-14 23:25:05.809224
robinhood = 2021-12-06 19:59:27.781350
marketo = 2022-02-14 20:32:48.096765
rook = 2022-01-08 10:19:00.640637
cryp70n1c0d3 = 2021-12-18 16:06:44.345558
hiveleak = 2022-08-14 10:48:01.867241
blackshadow = 2021-12-18 16:06:44.948812
mosesstaff = 2021-12-18 16:06:45.338411
atomsilo = 2021-12-21 20:28:18.355635
nightsky = 2022-01-04 19:14:52.100985
vicesociety = 2022-07-21 22:58:31.960753
pandora = 2022-03-30 19:26:24.820390
stormous = 2022-05-09 20:30:39.007872
leaktheanalyst = 2022-03-29 16:52:32.802514
kelvinsecurity = 2022-05-24 20:35:19.562212
blackbasta = 2022-08-06 10:13:12.504112
onyx = 2022-08-05 15:07:48.687119
mindware = 2022-05-05 13:42:39.179439
ransomhouse = 2022-08-09 21:04:50.311476
cheers = 2022-08-09 03:34:50.557865
lockbit3 = 2022-08-16 14:53:56.358779
yanluowang = 2022-08-10 16:48:46.051826
0mega = 2022-07-14 00:20:20.176178
bianlian = 2022-07-19 17:37:40.217728
redalert = 2022-07-28 14:55:38.962792
redcanary = 2022-08-11T19:27:54
daixin = 2022-08-09 10:44:27.550608
babuk = 2021-09-09 23:46:57.346780
att = ?
